[PATH]
MRIFileName=D:\prostate\project_0520\参考资料\2117839\raw\2117839_original.raw
ProstateMaskFileName=D:\prostate\project_0520\参考资料\2117839\raw\2117839_prostate.raw
LesionMaskFileName=D:\prostate\project_0520\参考资料\2117839\raw\2117839_lesion.raw
SurfaceFileName=D:\prostate\project_0520\参考资料\2117839\obj\2117839_prostate.obj

[MASKINFO]
CX=320
CY=320
CZ=30

ResX=0.5625
ResY=0.5625
ResZ=3.85

[RightDir]
x=7.18769
y=0
z=3.629

[UpDir]
x=0
y=-1
z=0

[MoveDir]
x=-3.629
y=1
z=7.18769
w=1